'rouge' = (1., 0., 0.)
'groseille' = (0.70980392, 0.12156863, 0.12156863)
'leman' = (0., 0.65490196, 0.62352941)
'canard' = (0., 0.45490196, 0.50196078)
'ardoise' = (0.25490196, 0.23921569, 0.22745098)
'perle' = (0.79215686, 0.78039216, 0.78039216)